cam_ids:
- 17371577
- 17371585
cam_aliases:
- front_left_cam
- front_right_cam
master_cam: 17371577
save_type: .bmp #binary or .tiff or .bmp
binning: 2 # going from 2 to 1 requires cameras to be unplugged and replugged
color: true
# frames: 50
soft_framerate: 10 # this frame rate reflects to the software frame rate set using ros::rate
skip: 5

#Camera info message details
distortion_model: plumb_bob
image_height: 1536 
image_width: 2048
distortion_coeffs:
  -  [-0.1745121110844244, 0.040876889127984, 0.0005815434331925698, 0.0007390437859278217]
  -  [-0.1745121110844244, 0.040876889127984, 0.0005815434331925698, 0.0007390437859278217]

#specified as [fx  0 cx 0 fy cy 0  0  1]
intrinsic_coeffs:
  - [1009.3195405025799, 0.0, 1033.9656197160898, 0.0, 1008.102051967283, 760.511107792634, 0.0, 0.0, 1.0]
  - [1009.3195405025799, 0.0, 1033.9656197160898, 0.0, 1008.102051967283, 760.511107792634, 0.0, 0.0, 1.0]
rectification_coeffs:
  - [1.0, 0.0, 0.0, 0.0, 1.0, 0.0, 0.0, 0.0, 1.0]
  - [1.0, 0.0, 0.0, 0.0, 1.0, 0.0, 0.0, 0.0, 1.0]
projection_coeffs:
  - [837.9456787109375, 0.0, 1039.8850405378762, 0.0, 0.0, 901.6812744140625, 759.8640660261517, 0.0, 0.0, 0.0, 1.0, 0.0]
  - [837.9456787109375, 0.0, 1039.8850405378762, 0.0, 0.0, 901.6812744140625, 759.8640660261517, 0.0, 0.0, 0.0, 1.0, 0.0]
flip_horizontal:
  - false
  - false

flip_vertical:
  - false
  - false

